75
-17
31
-43
-59
-50
-55
-85
-31
19
74
-86
10
-45
-65
29
-68
23
-2
49
-3
-61
59
-68
-82
-35
-73
-50
55
-19
-19
-49
-55
-7
15
-3
-38
-67
28
-47
-82
-2
33
28
79
-55
94
91
-51
95
-91
40
78
-63
3
59
-88
-62
-4
-29
92
42
26
100
-41
22
60
-83
-39
-83
79
-37
17
-16
93
-73
93
59
7
-48
-89
-28
27
24
-78
94
-11
-19
29
-24
-49
-94
15
94
-47
54
65
96
18
65
61
-2
-45
4
60
-56
-73
73
-83
71
91
8
-12
62
91
96
69
-16
6
-7
-11
30
55
65
-79
-35
82
-35
10
66
-15
60
37
85
42
89
45
94
91
65
1
27
-32
18
48
-41
97
-88
-54
-71
-26
37
2
97
-64
-93
-87
-85
21
-16
-91
6
80
36
-32
19
16
37
-94
-42
-46
-67
-18
29
-2
36
-43
-26
-6
51
57
42
33
96
21
2
61
73
29
-52
-79
-88
62
51
76
-84
-65
-44
61
4
93
74
-93
89
-51
73
50
-14
-87
91
52
20
-8
-77
75
31
46
34
51
44
35
-29
-24
-97
16
90
86
-43
-38
-12
-73
32
-6
-56
-1
-82
-49
-68
-73
92
44
-9
61
-87
-88
20
-61
74
79
16
55
70
55
13
-27
21
86
-86
94
-77
23
11
52
76
24
50
32
29
-40
-99
49
-48
43
-79
-9
-73
65
17
46
-33
-75
46
-34
-60
60
77
91
34
-82
6
-67
-76
80
61
-88
63
-53
99
-92
-55
80
-24
-29
73
65
12
-100
-92
-45
90
90
-49
54
69
98
4
0
62
-44
73
-88
-18
-75
